9|3|5|7|20150413105639

7|1|2|8|20150413110011

11|11|8|8|20150413110016

1|10|1|11|20150413110021

1|2|12|4|20150413110048

11|1|11|3|20150413110051

12|8|8|5|20150413110054

8|7|6|12|20150413111227

2|2|2|4|20150413111232

8|6|9|2|20150413111237

6|11|6|10|20150413111413

12|6|1|2|20150413111418

1|12|1|3|20150413111423

11|2|9|8|20150413150531

6|2|8|1|20150413150536

8|5|6|12|20150413150541

8|1|10|3|20150413150650

6|1|1|6|20150413150655

6|5|8|6|20150413150700

2|12|2|12|20150413150711

11|6|6|3|20150413150714

7|8|2|12|20150413150717

1|7|4|11|20150413161204

12|11|7|6|20150413161209

1|9|5|1|20150413161214

6|8|8|8|20150413161219

2|8|3|9|20150413161224

11|9|6|6|20150413161229

8|2|4|5|20150413161807

1|11|5|6|20150413161812

12|8|2|9|20150413161817

8|12|6|2|20150413161822

2|3|8|6|20150413162047

12|2|9|6|20150413162052

1|12|2|11|20150413162057

6|2|7|12|20150413162112

7|7|1|12|20150413162115

3|7|2|7|20150413162118

3|5|4|7|20150413163554

11|6|6|6|20150413163559

2|7|2|12|20150413163604

8|8|8|8|20150413171127

2|11|9|9|20150413171132

6|1|7|7|20150413171137

9|6|2|7|20150413171150

2|8|12|11|20150413171153

11|2|6|2|20150413171156

2|2|8|11|20150413173126

7|8|11|9|20150413173131

2|1|5|5|20150413173136

8|6|7|12|20150413173344

1|8|1|5|20150413174151

1|7|11|8|20150413174156

9|6|7|7|20150413174201

8|2|8|7|20150413175538

7|2|11|2|20150413175543

12|5|5|12|20150413175548

3|9|7|7|20150413175600

11|6|2|4|20150413175603

8|12|2|9|20150413175654

8|1|9|1|20150413175659

3|9|8|11|20150413175704

7|6|6|8|20150413175720

8|9|2|1|20150413175722

2|2|6|2|20150413175724

1|5|8|8|20150413175726

4|1|12|6|20150413175728

12|6|9|11|20150413175742

3|1|1|6|20150413175743

8|6|8|7|20150413175744

6|9|2|12|20150413175745

9|8|11|8|20150413175746

5|1|1|8|20150413175747

2|8|4|8|20150413175748

6|8|5|11|20150413175749

6|9|9|10|20150413175750

2|8|1|5|20150413175751

9|5|6|4|20150413175752

5|4|5|3|20150413175753

9|5|6|5|20150413175754

3|8|2|1|20150413175755

2|8|8|9|20150413175756

1|8|6|8|20150413175757

8|11|10|2|20150413175758

1|10|3|6|20150413175759

6|1|1|6|20150413175800

8|12|2|9|20150413175801

6|9|4|4|20150413175802

